0001 0.225012
0002 0.225021
0003 0.225031
0004 0.225042
0005 0.225051
0006 0.225062
0007 0.225072
0008 0.225081
0009 0.225090
0010 0.225099
0011 0.225106
0012 0.225115
0013 0.225122
0014 0.225130
0015 0.225138
0016 0.225146
0017 0.225154
0018 0.225161
0019 0.225169
0020 0.225177
0021 0.225184
0022 0.225192
0023 0.225198
0024 0.225206
0025 0.225212
0026 0.225219
0027 0.225226
0028 0.225233
0029 0.225239
0030 0.225245
0031 0.225251
0032 0.225257
0033 0.225262
0034 0.225268
0035 0.225273
0036 0.225279
0037 0.225284
0038 0.225288
0039 0.225293
0040 0.225297
0041 0.225301
0042 0.225305
0043 0.225309
0044 0.225313
0045 0.225317
0046 0.225320
0047 0.225323
0048 0.225327
0049 0.225330
0050 0.225333
0051 0.225337
0052 0.225338
0053 0.225342
0054 0.225344
0055 0.225347
0056 0.225349
0057 0.225351
0058 0.225353
0059 0.225356
0060 0.225357
0061 0.225359
0062 0.225361
0063 0.225364
0064 0.225366
0065 0.225368
0066 0.225369
0067 0.225371
0068 0.225373
0069 0.225375
0070 0.225377
0071 0.225379
0072 0.225380
0073 0.225382
0074 0.225384
0075 0.225386
0076 0.225388
0077 0.225389
0078 0.225391
0079 0.225392
0080 0.225394
0081 0.225395
0082 0.225397
0083 0.225398
0084 0.225400
0085 0.225401
0086 0.225403
0087 0.225404
0088 0.225406
0089 0.225408
0090 0.225408
0091 0.225410
0092 0.225412
0093 0.225414
0094 0.225415
0095 0.225416
0096 0.225417
0097 0.225419
0098 0.225420
0099 0.225421
0100 0.225423
0101 0.225425
0102 0.225426
0103 0.225427
0104 0.225429
0105 0.225431
0106 0.225431
0107 0.225432
0108 0.225434
0101 0.225425
0102 0.225426
0103 0.225427
0104 0.225429
0105 0.225431
0106 0.225431
0107 0.225433
0108 0.225434
0109 0.225435
0110 0.225436
0111 0.225438
0112 0.225439
0113 0.225441
0114 0.225442
0115 0.225443
0116 0.225444
0117 0.225446
0118 0.225447
0119 0.225449
0120 0.225450
0121 0.225451
0122 0.225452
0123 0.225454
0124 0.225455
0125 0.225456
0126 0.225458
0127 0.225459
0128 0.225460
0129 0.225461
0130 0.225462
0131 0.225464
0132 0.225465
0133 0.225466
0134 0.225467
0135 0.225469
0136 0.225471
0137 0.225472
0138 0.225473
0139 0.225474
0140 0.225475
0141 0.225476
0142 0.225477
0143 0.225478
0144 0.225480
0145 0.225481
0146 0.225482
0147 0.225484
0148 0.225485
0149 0.225486
0150 0.225487
0151 0.225488
0152 0.225490
0153 0.225491
0154 0.225493
0155 0.225494
0156 0.225495
0157 0.225496
0158 0.225497
0159 0.225498
0160 0.225499
0161 0.225501
0162 0.225502
0163 0.225503
0164 0.225504
0165 0.225505
0166 0.225507
0167 0.225508
0168 0.225509
0169 0.225510
0170 0.225512
0171 0.225513
0172 0.225514
0173 0.225515
0174 0.225516
0175 0.225518
0176 0.225518
0177 0.225520
0178 0.225521
0179 0.225522
0180 0.225523
0181 0.225525
0182 0.225526
0183 0.225528
0184 0.225529
0185 0.225531
0186 0.225531
0187 0.225533
0188 0.225533
0189 0.225534
0190 0.225535
0191 0.225537
0192 0.225538
0193 0.225539
0194 0.225540
0195 0.225541
0196 0.225542
0197 0.225543
0198 0.225544
0199 0.225546
0200 0.225546
0201 0.225548
0202 0.225549
0203 0.225550
0204 0.225552
0205 0.225553
0206 0.225553
0207 0.225554
0208 0.225556
0209 0.225557
0210 0.225558
0211 0.225559
0212 0.225560
0213 0.225561
0214 0.225562
0215 0.225564
0216 0.225565
0217 0.225566
0218 0.225566
0219 0.225567
0220 0.225569
0221 0.225570
0222 0.225571
0223 0.225572
0224 0.225574
0225 0.225575
0226 0.225576
0227 0.225577
0228 0.225578
0229 0.225580
0230 0.225581
0231 0.225581
0232 0.225582
0233 0.225584
0234 0.225585
0235 0.225586
0236 0.225587
0237 0.225588
0238 0.225589
0239 0.225591
0240 0.225591
0241 0.225593
0242 0.225594
0243 0.225595
0244 0.225596
0245 0.225597
0246 0.225598
0247 0.225599
0248 0.225601
0249 0.225602
0250 0.225603
0251 0.225605
0252 0.225605
0253 0.225607
0254 0.225608
0255 0.225609
0256 0.225610
0257 0.225611
0258 0.225612
0259 0.225614
0260 0.225615
0261 0.225616
0262 0.225617
0263 0.225619
0264 0.225620
0265 0.225621
0266 0.225622
0267 0.225624
0268 0.225624
0269 0.225626
0270 0.225626
0271 0.225628
0272 0.225629
0273 0.225630
0274 0.225631
0275 0.225633
0276 0.225634
0277 0.225634
0278 0.225636
0279 0.225637
0280 0.225638
0281 0.225640
0282 0.225640
0283 0.225642
0284 0.225643
0285 0.225643
0286 0.225645
0287 0.225646
0288 0.225648
0289 0.225648
0290 0.225649
0291 0.225650
0292 0.225652
0293 0.225653
0294 0.225654
0295 0.225655
0296 0.225656
0297 0.225657
0298 0.225659
0299 0.225659
0300 0.225661
0301 0.225662
0302 0.225663
0303 0.225664
0304 0.225665
0305 0.225666
0306 0.225667
0307 0.225668
0308 0.225669
0309 0.225670
0310 0.225671
0311 0.225672
0312 0.225674
0313 0.225675
0314 0.225676
0315 0.225677
0316 0.225678
0317 0.225680
0318 0.225680
0319 0.225682
0320 0.225684
0321 0.225684
0322 0.225685
0323 0.225686
0324 0.225687
0325 0.225688
0326 0.225689
0327 0.225690
0328 0.225691
0329 0.225692
0330 0.225694
0331 0.225695
0332 0.225696
0333 0.225697
0334 0.225698
0335 0.225700
0336 0.225701
0337 0.225701
0338 0.225703
0339 0.225704
0340 0.225705
0341 0.225706
0342 0.225707
0343 0.225708
0344 0.225710
0345 0.225711
0346 0.225712
0347 0.225713
0348 0.225715
0349 0.225716
0350 0.225718
0351 0.225719
0352 0.225720
0353 0.225720
0354 0.225721
0355 0.225722
0356 0.225724
0357 0.225724
0358 0.225726
0359 0.225727
0360 0.225729
0361 0.225730
0362 0.225731
0363 0.225732
0364 0.225733
0365 0.225734
0366 0.225736
0367 0.225737
0368 0.225739
0369 0.225740
0370 0.225741
0371 0.225742
0372 0.225742
0373 0.225744
0374 0.225745
0375 0.225746
0376 0.225747
0377 0.225748
0378 0.225749
0379 0.225750
0380 0.225751
0381 0.225753
0382 0.225754
0383 0.225755
0384 0.225755
0385 0.225756
0386 0.225757
0387 0.225759
0388 0.225761
0389 0.225761
0390 0.225763
0391 0.225764
0392 0.225765
0393 0.225766
0394 0.225767
0395 0.225768
0396 0.225769
0397 0.225770
0398 0.225771
0399 0.225772
0400 0.225774
0401 0.225775
0402 0.225776
0403 0.225777
0404 0.225778
0405 0.225779
0406 0.225780
0407 0.225781
0408 0.225782
0409 0.225784
0410 0.225784
0411 0.225786
0412 0.225787
0413 0.225788
0414 0.225789
0415 0.225791
0416 0.225791
0417 0.225793
0418 0.225794
0419 0.225795
0420 0.225796
0421 0.225798
0422 0.225798
0423 0.225799
0424 0.225800
0425 0.225802
0426 0.225802
0427 0.225803
0428 0.225804
0429 0.225806
0430 0.225807
0431 0.225808
0432 0.225809
0433 0.225810
0434 0.225811
0435 0.225812
0436 0.225814
0437 0.225815
0438 0.225816
0439 0.225817
0440 0.225818
0441 0.225819
0442 0.225820
0443 0.225822
0444 0.225823
0445 0.225824
0446 0.225825
0447 0.225826
0448 0.225827
0449 0.225828
0450 0.225829
0451 0.225830
0452 0.225831
0453 0.225832
0454 0.225834
0455 0.225835
0456 0.225836
0457 0.225837
0458 0.225838
0459 0.225840
0460 0.225841
0461 0.225842
0462 0.225843
0463 0.225844
0464 0.225846
0465 0.225846
0466 0.225848
0467 0.225849
0468 0.225850
0469 0.225851
0470 0.225852
0471 0.225853
0472 0.225854
0473 0.225856
0474 0.225857
0475 0.225857
0476 0.225858
0477 0.225859
0478 0.225860
0479 0.225862
0480 0.225863
0481 0.225864
0482 0.225865
0483 0.225866
0484 0.225867
0485 0.225868
0486 0.225870
0487 0.225870
0488 0.225872
0489 0.225873
0490 0.225873
0491 0.225875
0492 0.225875
0493 0.225876
0494 0.225878
0495 0.225879
0496 0.225880
0497 0.225881
0498 0.225882
0499 0.225883
0500 0.225884
0501 0.225885
0502 0.225886
0503 0.225887
0504 0.225888
0505 0.225889
0506 0.225890
0507 0.225892
0508 0.225893
0509 0.225894
0510 0.225895
0511 0.225896
0512 0.225897
0513 0.225898
0514 0.225900
0515 0.225901
0516 0.225902
0517 0.225903
0518 0.225904
0519 0.225905
0520 0.225906
0521 0.225907
0522 0.225908
0523 0.225909
0524 0.225911
0525 0.225912
0526 0.225913
0527 0.225914
0528 0.225915
0529 0.225917
0530 0.225918
0531 0.225919
0532 0.225920
0533 0.225921
0534 0.225922
0535 0.225923
0536 0.225924
0537 0.225925
0538 0.225927
0539 0.225927
0540 0.225929
0541 0.225929
0542 0.225931
0543 0.225932
0544 0.225933
0545 0.225934
0546 0.225935
0547 0.225937
0548 0.225938
0549 0.225938
0550 0.225940
0551 0.225941
0552 0.225943
0553 0.225943
0554 0.225944
0555 0.225945
0556 0.225947
0557 0.225947
0558 0.225949
0559 0.225949
0560 0.225950
0561 0.225952
0562 0.225953
0563 0.225954
0564 0.225955
0565 0.225955
0566 0.225957
0567 0.225958
0568 0.225958
0569 0.225960
0570 0.225961
0571 0.225962
0572 0.225963
0573 0.225965
0574 0.225966
0575 0.225966
0576 0.225968
0577 0.225969
0578 0.225970
0579 0.225971
0580 0.225972
0581 0.225973
0582 0.225974
0583 0.225975
0584 0.225976
0585 0.225977
0586 0.225978
0587 0.225979
0588 0.225980
0589 0.225981
0590 0.225983
0591 0.225984
0592 0.225985
0593 0.225986
0594 0.225987
0595 0.225988
0596 0.225989
0597 0.225990
0598 0.225991
0599 0.225993
0600 0.225993
0601 0.225995
0602 0.225996
0603 0.225997
0604 0.225998
0605 0.226000
0606 0.226000
0607 0.226001
0608 0.226003
0609 0.226004
0610 0.226005
0611 0.226006
0612 0.226007
0613 0.226008
0614 0.226009
0615 0.226010
0616 0.226011
0617 0.226013
0618 0.226013
0619 0.226014
0620 0.226016
0621 0.226016
0622 0.226017
0623 0.226018
0624 0.226020
0625 0.226020
0626 0.226022
0627 0.226023
0628 0.226024
0629 0.226025
0630 0.226026
0631 0.226027
0632 0.226028
0633 0.226030
0634 0.226031
0635 0.226031
0636 0.226032
0637 0.226033
0638 0.226035
0639 0.226036
0640 0.226037
0641 0.226038
0642 0.226040
0643 0.226041
0644 0.226042
0645 0.226043
0646 0.226044
0647 0.226045
0648 0.226045
0649 0.226047
0650 0.226048
0651 0.226049
0652 0.226049
0653 0.226051
0654 0.226052
0655 0.226053
0656 0.226054
0657 0.226055
0658 0.226056
0659 0.226057
0660 0.226058
0661 0.226060
0662 0.226060
0663 0.226062
0664 0.226062
0665 0.226063
0666 0.226065
0667 0.226065
0668 0.226066
0669 0.226068
0670 0.226068
0671 0.226069
0672 0.226070
0673 0.226071
0674 0.226072
0675 0.226073
0676 0.226075
0677 0.226076
0678 0.226077
0679 0.226078
0680 0.226079
0681 0.226080
0682 0.226081
0683 0.226082
0684 0.226083
0685 0.226084
0686 0.226085
0687 0.226086
0688 0.226087
0689 0.226088
0690 0.226089
0691 0.226091
0692 0.226092
0693 0.226093
0694 0.226093
0695 0.226095
0696 0.226096
0697 0.226097
0698 0.226098
0699 0.226100
0700 0.226100
0701 0.226102
0702 0.226103
0703 0.226104
0704 0.226105
0705 0.226106
0706 0.226107
0707 0.226108
0708 0.226109
0709 0.226110
0710 0.226112
0711 0.226113
0712 0.226114
0713 0.226115
0714 0.226116
0715 0.226117
0716 0.226117
0717 0.226119
0718 0.226120
0719 0.226121
0720 0.226122
0721 0.226123
0722 0.226124
0723 0.226125
0724 0.226127
0725 0.226128
0726 0.226129
0727 0.226130
0728 0.226131
0729 0.226132
0730 0.226133
0731 0.226134
0732 0.226135
0733 0.226136
0734 0.226137
0735 0.226138
0736 0.226139
0737 0.226141
0738 0.226142
0739 0.226143
0740 0.226144
0741 0.226145
0742 0.226146
0743 0.226147
0744 0.226148
0745 0.226149
0746 0.226150
0747 0.226151
0748 0.226152
0749 0.226153
0750 0.226154
0751 0.226155
0752 0.226156
0753 0.226157
0754 0.226158
0755 0.226159
0756 0.226160
0757 0.226161
0758 0.226161
0759 0.226163
0760 0.226164
0761 0.226165
0762 0.226166
0763 0.226168
0764 0.226169
0765 0.226170
0766 0.226171
0767 0.226171
0768 0.226173
0769 0.226174
0770 0.226176
0771 0.226177
0772 0.226177
0773 0.226179
0774 0.226180
0775 0.226181
0776 0.226182
0777 0.226183
0778 0.226184
0779 0.226186
0780 0.226186
0781 0.226188
0782 0.226189
0783 0.226190
0784 0.226190
0785 0.226191
0786 0.226192
0787 0.226193
0788 0.226195
0789 0.226196
0790 0.226197
0791 0.226198
0792 0.226198
0793 0.226200
0794 0.226202
0795 0.226202
0796 0.226203
0797 0.226204
0798 0.226205
0799 0.226206
0800 0.226207
0801 0.226208
0802 0.226208
0803 0.226210
0804 0.226211
0805 0.226213
0806 0.226214
0807 0.226214
0808 0.226215
0809 0.226216
0810 0.226217
0811 0.226218
0812 0.226219
0813 0.226221
0814 0.226222
0815 0.226223
0816 0.226224
0817 0.226225
0818 0.226226
0819 0.226227
0820 0.226228
0821 0.226230
0822 0.226231
0823 0.226231
0824 0.226233
0825 0.226234
0826 0.226235
0827 0.226236
0828 0.226237
0829 0.226238
0830 0.226239
0831 0.226240
0832 0.226242
0833 0.226242
0834 0.226243
0835 0.226244
0836 0.226245
0837 0.226246
0838 0.226247
0839 0.226248
0840 0.226249
0841 0.226251
0842 0.226251
0843 0.226252
0844 0.226254
0845 0.226254
0846 0.226255
0847 0.226256
0848 0.226257
0849 0.226258
0850 0.226260
0851 0.226261
0852 0.226262
0853 0.226263
0854 0.226264
0855 0.226266
0856 0.226266
0857 0.226267
0858 0.226268
0859 0.226269
0860 0.226270
0861 0.226271
0862 0.226272
0863 0.226273
0864 0.226274
0865 0.226276
0866 0.226277
0867 0.226277
0868 0.226279
0869 0.226280
0870 0.226281
0871 0.226282
0872 0.226283
0873 0.226284
0874 0.226286
0875 0.226287
0876 0.226287
0877 0.226289
0878 0.226289
0879 0.226290
0880 0.226291
0881 0.226292
0882 0.226293
0883 0.226294
0884 0.226295
0885 0.226296
0886 0.226298
0887 0.226298
0888 0.226299
0889 0.226300
0890 0.226302
0891 0.226303
0892 0.226304
0893 0.226305
0894 0.226306
0895 0.226307
0896 0.226309
0897 0.226310
0898 0.226311
0899 0.226312
0900 0.226313
0901 0.226314
0902 0.226315
0903 0.226316
0904 0.226317
0905 0.226319
0906 0.226320
0907 0.226320
0908 0.226322
0909 0.226323
0910 0.226324
0911 0.226324
0912 0.226326
0913 0.226327
0914 0.226327
0915 0.226329
0916 0.226330
0917 0.226331
0918 0.226332
0919 0.226333
0920 0.226334
0921 0.226335
0922 0.226336
0923 0.226338
0924 0.226339
0925 0.226339
0926 0.226340
0927 0.226341
0928 0.226342
0929 0.226343
0930 0.226344
0931 0.226345
0932 0.226346
0933 0.226347
0934 0.226349
0935 0.226349
0936 0.226350
0937 0.226351
0938 0.226353
0939 0.226353
0940 0.226355
0941 0.226355
0942 0.226357
0943 0.226357
0944 0.226358
0945 0.226360
0946 0.226361
0947 0.226362
0948 0.226363
0949 0.226364
0950 0.226365
0951 0.226367
0952 0.226367
0953 0.226368
0954 0.226369
0955 0.226370
0956 0.226371
0957 0.226372
0958 0.226373
0959 0.226374
0960 0.226375
0961 0.226376
0962 0.226378
0963 0.226378
0964 0.226379
0965 0.226381
0966 0.226381
0967 0.226382
0968 0.226383
0969 0.226384
0970 0.226386
0971 0.226387
0972 0.226388
0973 0.226389
0974 0.226389
0975 0.226391
0976 0.226392
0977 0.226393
0978 0.226393
0979 0.226395
0980 0.226395
0981 0.226397
0982 0.226398
0983 0.226399
0984 0.226400
0985 0.226402
0986 0.226402
0987 0.226404
0988 0.226404
0989 0.226406
0990 0.226407
0991 0.226408
0992 0.226409
0993 0.226410
0994 0.226411
0995 0.226412
0996 0.226414
0997 0.226414
0998 0.226416
0999 0.226417
1000 0.226418
