0001 0.225012
0002 0.225021
0003 0.225031
0004 0.225042
0005 0.225051
0006 0.225062
0007 0.225072
0008 0.225081
0009 0.225090
0010 0.225099
0011 0.225106
0012 0.225115
0013 0.225122
0014 0.225130
0015 0.225138
0016 0.225146
0017 0.225154
0018 0.225161
0019 0.225169
0020 0.225177
0021 0.225184
0022 0.225192
0023 0.225198
0024 0.225206
0025 0.225212
0026 0.225219
0027 0.225226
0028 0.225233
0029 0.225239
0030 0.225245
0031 0.225251
0032 0.225257
0033 0.225262
0034 0.225268
0035 0.225273
0036 0.225279
0037 0.225284
0038 0.225288
0039 0.225293
0040 0.225297
0041 0.225301
0042 0.225305
0043 0.225309
0044 0.225313
0045 0.225317
0046 0.225320
0047 0.225323
0048 0.225327
0049 0.225330
0050 0.225333
0051 0.225337
0052 0.225338
0053 0.225342
0054 0.225344
0055 0.225347
0056 0.225349
0057 0.225351
0058 0.225353
0059 0.225356
0060 0.225357
0061 0.225359
0062 0.225361
0063 0.225364
0064 0.225366
0065 0.225368
0066 0.225369
0067 0.225371
0068 0.225373
0069 0.225375
0070 0.225377
0071 0.225379
0072 0.225380
0073 0.225382
0074 0.225384
0075 0.225386
0076 0.225388
0077 0.225389
0078 0.225391
0079 0.225392
0080 0.225394
0081 0.225395
0082 0.225397
0083 0.225398
0084 0.225400
0085 0.225401
0086 0.225403
0087 0.225404
0088 0.225406
0089 0.225408
0090 0.225408
0091 0.225410
0092 0.225412
0093 0.225414
0094 0.225415
0095 0.225416
0096 0.225417
0097 0.225419
0098 0.225420
0099 0.225421
0100 0.225423
0101 0.225425
0102 0.225426
0103 0.225427
0104 0.225429
0105 0.225431
0106 0.225431
0107 0.225432
0108 0.225434
0101 0.225425
0102 0.225426
0103 0.225427
0104 0.225429
0105 0.225431
0106 0.225431
0107 0.225433
0108 0.225434
0109 0.225435
0110 0.225436
0111 0.225438
0112 0.225439
0113 0.225441
0114 0.225442
0115 0.225443
0116 0.225444
0117 0.225446
0118 0.225447
0119 0.225449
0120 0.225450
0121 0.225451
0122 0.225452
0123 0.225454
0124 0.225455
0125 0.225456
0126 0.225458
0127 0.225459
0128 0.225460
0129 0.225461
0130 0.225462
0131 0.225464
0132 0.225465
0133 0.225466
0134 0.225467
0135 0.225469
0136 0.225471
0137 0.225472
0138 0.225473
0139 0.225474
0140 0.225475
0141 0.225476
0142 0.225477
0143 0.225478
0144 0.225480
0145 0.225481
0146 0.225482
0147 0.225484
0148 0.225485
0149 0.225486
0150 0.225487
0151 0.225488
0152 0.225490
0153 0.225491
0154 0.225493
0155 0.225494
0156 0.225495
0157 0.225496
0158 0.225497
0159 0.225498
0160 0.225499
0161 0.225501
0162 0.225502
0163 0.225503
0164 0.225504
0165 0.225505
0166 0.225507
0167 0.225508
0168 0.225509
0169 0.225510
0170 0.225512
0171 0.225513
0172 0.225514
0173 0.225515
0174 0.225516
0175 0.225518
0176 0.225518
0177 0.225520
0178 0.225521
0179 0.225522
0180 0.225523
0181 0.225525
0182 0.225526
0183 0.225528
0184 0.225529
0185 0.225531
0186 0.225531
0187 0.225533
0188 0.225533
0189 0.225534
0190 0.225535
0191 0.225537
0192 0.225538
0193 0.225539
0194 0.225540
0195 0.225541
0196 0.225542
0197 0.225543
0198 0.225544
0199 0.225546
0200 0.225546
0201 0.225548
0202 0.225549
0203 0.225550
0204 0.225552
0205 0.225553
0206 0.225553
0207 0.225554
0208 0.225556
0209 0.225557
0210 0.225558
0211 0.225559
0212 0.225560
0213 0.225561
0214 0.225562
0215 0.225564
0216 0.225565
0217 0.225566
0218 0.225566
0219 0.225567
0220 0.225569
0221 0.225570
0222 0.225571
0223 0.225572
0224 0.225574
0225 0.225575
0226 0.225576
0227 0.225577
0228 0.225578
0229 0.225580
0230 0.225581
0231 0.225581
0232 0.225582
0233 0.225584
0234 0.225585
0235 0.225586
0236 0.225587
0237 0.225588
0238 0.225589
0239 0.225591
0240 0.225591
0241 0.225593
0242 0.225594
0243 0.225595
0244 0.225596
0245 0.225597
0246 0.225598
0247 0.225599
0248 0.225601
0249 0.225602
0250 0.225603
0251 0.225605
0252 0.225605
0253 0.225607
0254 0.225608
0255 0.225609
0256 0.225610
0257 0.225611
0258 0.225612
0259 0.225614
0260 0.225615
0261 0.225616
0262 0.225617
0263 0.225619
0264 0.225620
0265 0.225621
0266 0.225622
0267 0.225624
0268 0.225624
0269 0.225626
0270 0.225626
0271 0.225628
0272 0.225629
0273 0.225630
0274 0.225631
0275 0.225633
0276 0.225634
0277 0.225634
0278 0.225636
0279 0.225637
0280 0.225638
0281 0.225640
0282 0.225640
0283 0.225642
0284 0.225643
0285 0.225643
0286 0.225645
0287 0.225646
0288 0.225648
0289 0.225648
0290 0.225649
0291 0.225650
0292 0.225652
0293 0.225653
0294 0.225654
0295 0.225655
0296 0.225656
0297 0.225657
0298 0.225659
0299 0.225659
0300 0.225661
0301 0.225662
0302 0.225663
0303 0.225664
0304 0.225665
0305 0.225666
0306 0.225667
0307 0.225668
0308 0.225669
0309 0.225670
0310 0.225671
0311 0.225672
0312 0.225674
0313 0.225675
0314 0.225676
0315 0.225677
0316 0.225678
0317 0.225680
0318 0.225680
0319 0.225682
0320 0.225684
0321 0.225684
0322 0.225685
0323 0.225686
0324 0.225687
0325 0.225688
0326 0.225689
0327 0.225690
0328 0.225691
0329 0.225692
0330 0.225694
0331 0.225695
0332 0.225696
0333 0.225697
0334 0.225698
0335 0.225700
0336 0.225701
0337 0.225701
0338 0.225703
0339 0.225704
0340 0.225705
0341 0.225706
0342 0.225707
0343 0.225708
0344 0.225710
0345 0.225711
0346 0.225712
0347 0.225713
0348 0.225715
0349 0.225716
0350 0.225718
0351 0.225719
0352 0.225720
0353 0.225720
0354 0.225721
0355 0.225722
0356 0.225724
0357 0.225724
0358 0.225726
0359 0.225727
0360 0.225729
0361 0.225730
0362 0.225731
0363 0.225732
0364 0.225733
0365 0.225734
0366 0.225736
0367 0.225737
0368 0.225739
0369 0.225740
0370 0.225741
0371 0.225742
0372 0.225742
0373 0.225744
0374 0.225745
0375 0.225746
0376 0.225747
0377 0.225748
0378 0.225749
0379 0.225750
0380 0.225751
0381 0.225753
0382 0.225754
0383 0.225755
0384 0.225755
0385 0.225756
0386 0.225757
0387 0.225759
0388 0.225761
0389 0.225761
0390 0.225763
0391 0.225764
0392 0.225765
0393 0.225766
0394 0.225767
0395 0.225768
0396 0.225769
0397 0.225770
0398 0.225771
0399 0.225772
0400 0.225774
0401 0.225775
0402 0.225776
0403 0.225777
0404 0.225778
0405 0.225779
0406 0.225780
0407 0.225781
0408 0.225782
0409 0.225784
0410 0.225784
0411 0.225786
0412 0.225787
0413 0.225788
0414 0.225789
0415 0.225791
0416 0.225791
0417 0.225793
0418 0.225794
0419 0.225795
0420 0.225796
0421 0.225798
0422 0.225798
0423 0.225799
0424 0.225800
0425 0.225802
0426 0.225802
0427 0.225803
0428 0.225804
0429 0.225806
0430 0.225807
0431 0.225808
0432 0.225809
0433 0.225810
0434 0.225811
0435 0.225812
0436 0.225814
0437 0.225815
0438 0.225816
0439 0.225817
0440 0.225818
0441 0.225819
0442 0.225820
0443 0.225822
0444 0.225823
0445 0.225824
0446 0.225825
0447 0.225826
0448 0.225827
0449 0.225828
0450 0.225829
0451 0.225830
0452 0.225831
0453 0.225832
0454 0.225834
0455 0.225835
0456 0.225836
0457 0.225837
0458 0.225838
0459 0.225840
0460 0.225841
0461 0.225842
0462 0.225843
0463 0.225844
0464 0.225846
0465 0.225846
0466 0.225848
0467 0.225849
0468 0.225850
0469 0.225851
0470 0.225852
0471 0.225853
0472 0.225854
0473 0.225856
0474 0.225857
0475 0.225857
0476 0.225858
0477 0.225859
0478 0.225860
0479 0.225862
0480 0.225863
0481 0.225864
0482 0.225865
0483 0.225866
0484 0.225867
0485 0.225868
0486 0.225870
0487 0.225870
0488 0.225872
0489 0.225873
0490 0.225873
0491 0.225875
0492 0.225875
0493 0.225876
0494 0.225878
0495 0.225879
0496 0.225880
0497 0.225881
0498 0.225882
0499 0.225883
0500 0.225884
0501 0.225885
0502 0.225886
0503 0.225887
0504 0.225888
0505 0.225889
